function V = BurgersVariantsB2A
% Compute Burger's alpha orientation variants for Beta @ (0,0,0):

    % Preallocate transformation matrix
    V = cell(12,1);

    V{1} = [-0.5774    0.4082    0.7071;
            -0.5774   -0.8165         0;
             0.5774   -0.4082    0.7071];

    V{2} = [0.5774    0.4082    0.7071;
           -0.5774    0.8165         0;
           -0.5774   -0.4082    0.7071];

    V{3} = [0.5774    0.4082    0.7071;
            0.5774   -0.8165         0;
            0.5774    0.4082   -0.7071];

    V{4} = [0.5774   -0.4082    0.7071;
           -0.5774   -0.8165         0;
            0.5774   -0.4082   -0.7071];

    V{5} =[0.5774    0.4082    0.7071;
          -0.5774   -0.4082    0.7071;
           0.5774   -0.8165         0];

    V{6} = [-0.5774    0.4082    0.7071;
             0.5774   -0.4082    0.7071;
             0.5774    0.8165         0];

    V{7} = [-0.5774   -0.4082    0.7071;
            -0.5774   -0.4082   -0.7071;
             0.5774   -0.8165         0];

    V{8} = [0.5774   -0.4082    0.7071;
            0.5774   -0.4082   -0.7071;
            0.5774    0.8165         0];

    V{9} = [0.5774    0.8165         0;
           -0.5774    0.4082    0.7071;
            0.5774   -0.4082    0.7071];

    V{10} = [-0.5774    0.8165         0;
             -0.5774   -0.4082    0.7071;
              0.5774    0.4082    0.7071];

    V{11} = [-0.5774   -0.8165         0;
             -0.5774    0.4082    0.7071;
             -0.5774    0.4082   -0.7071];

    V{12} = [-0.5774    0.8165         0;
              0.5774    0.4082    0.7071;
              0.5774    0.4082   -0.7071];
end