function V = BurgersVariantsA2B
% Compute Burger's alpha orientation variants for Alpha @ (0,0,0):

    % Preallocate transformation matrix
    V = cell(6,1);

    V{1} = [0.5773   -0.5773    0.5774;
            0.4082   -0.4084   -0.8164;
            0.7072    0.7071   -0.0001];

    V{2} = [0.5773   -0.5773    0.5774;
           -0.4083    0.4083    0.8165;
           -0.7071   -0.7071    0.0000];

    V{3} = [0.0649   -0.0649   -0.9958;
            0.7041   -0.7042    0.0918;
           -0.7072   -0.7070    0.0000];

    V{4} = [0.6422   -0.6423   -0.4184;
            0.2958   -0.2959    0.9083;
           -0.7072   -0.7071    0.0000];

    V{5} =[0.0648   -0.0650   -0.9958;
          -0.7041    0.7041   -0.0918;
           0.7071    0.7071   -0.0001];

    V{6} = [0.6422   -0.6423   -0.4184;
           -0.2959    0.2958   -0.9083;
            0.7071    0.7071   -0.0001];
end